,date_time,wellState,tempC,WindChillC,winddirDegree,WindGustKmph,windspeedKmph
0,2009-12-31,10,19.88862800598145,20.4057674407959,110.1122055053711,9.576532363891602,6.43781042098999
1,2010-01-01,5,20.00832366943359,20.52734375,112.582160949707,9.765100479125977,6.578227519989014
2,2010-01-02,1,19.23750877380371,19.74442672729492,96.67619323730469,8.550762176513672,5.67397403717041
3,2010-01-03,2,18.7209300994873,19.2197380065918,86.01644134521484,7.736945152282715,5.067967414855957
4,2010-01-04,10,18.61826515197754,19.11546325683594,83.89794158935547,7.57520866394043,4.947531223297119
5,2010-01-05,1,18.15404891967773,18.64395713806152,74.31868743896484,6.843881607055664,4.402951240539551
6,2010-01-06,2,18.08092308044434,18.56968307495117,72.80970764160156,6.728679656982422,4.317165851593018
7,2010-01-07,9,18.28727531433105,18.77927589416504,77.06786346435547,7.053767204284668,4.559241771697998
8,2010-01-08,10,18.11618995666504,18.60550308227539,73.5374526977539,6.784238815307617,4.358538150787354
9,2010-01-09,1,18.04624366760254,18.53446006774902,72.0940933227539,6.674045562744141,4.276483058929443
10,2010-01-10,9,18.8782787322998,19.37955856323242,89.26338958740234,7.984833240509033,5.252556800842285
11,2010-01-11,7,19.89878463745117,20.41608428955078,110.3217926025391,9.592533111572266,6.44972562789917
12,2010-01-12,5,20.90844535827637,21.44159889221191,131.1564636230469,11.1831521987915,7.634175300598145
13,2010-01-13,4,21.21281814575195,21.7507495880127,137.4372711181641,11.66265964508057,7.991239070892334
14,2010-01-14,1,21.9312686920166,22.48047828674316,152.2626953125,12.79450416564941,8.834062576293945
15,2010-01-15,5,23.8739128112793,24.45362281799316,192.3497161865234,15.85494136810303,11.11300849914551
16,2010-01-16,7,24.98825454711914,25.58545875549316,215.3444519042969,17.61046981811523,12.42025756835938
17,2010-01-17,9,25.66439437866211,26.27221298217773,229.2967987060547,18.6756591796875,13.21344757080078
18,2010-01-18,2,25.95814323425293,26.5705738067627,235.3583984375,19.13843154907227,13.55804920196533
19,2010-01-19,9,25.78005599975586,26.38969039916992,231.6835021972656,18.85787200927734,13.34913158416748
20,2010-01-20,5,25.18515777587891,25.78545188903809,219.4076080322266,17.9206714630127,12.65124702453613
21,2010-01-21,2,22.71635246276855,23.27788925170898,168.463134765625,14.03132343292236,9.755057334899902
22,2010-01-22,4,21.90413856506348,22.45292282104492,151.7028503417969,12.75176334381104,8.802236557006836
23,2010-01-23,7,21.39633369445801,21.9371452331543,141.2241668701172,11.95176982879639,8.206523895263672
24,2010-01-24,6,21.0908317565918,21.6268482208252,134.9200592041016,11.47048377990723,7.848135471343994
25,2010-01-25,4,20.12205696105957,20.64286422729492,114.9291076660156,9.9442777633667,6.71165132522583
26,2010-01-26,10,19.62173843383789,20.13468933105469,104.6048736572266,9.156075477600098,6.124719142913818
27,2010-01-27,7,18.97419738769531,19.47698211669922,91.24268341064453,8.135941505432129,5.365079402923584
28,2010-01-28,10,18.41561698913574,18.90963172912598,79.71620178222656,7.255954742431641,4.709799766540527
29,2010-01-29,2,17.78893280029297,18.27310943603516,66.78440856933594,6.268678665161133,3.97462797164917
