,well_state,windspeedKmph,WindGustKmph,winddirDegree,WindChillC,tempC
0,0.5555555555555556,0.581822158736744,0.5818222763361312,0.5818222110600755,0.5818218046780386,0.5818225186529089
1,0.8888888888888888,0.6196219761532387,0.6196219762371622,0.6196219558485729,0.619621980451436,0.6196222496486854
2,1.0,0.3761999371534841,0.376199999197085,0.3761999453335043,0.3761995466896595,0.3761999328995298
3,0.5555555555555556,0.21306496399161645,0.21306510625908404,0.21306505885054872,0.21306475506178923,0.2130650760120627
4,0.0,0.1806439405997735,0.18064397973519486,0.18064392741288882,0.18064393314918004,0.18064362241348508
5,0.0,0.034044815111095694,0.034044734972158874,0.03404478005609324,0.034044531632687836,0.03404475492968473
6,0.1111111111111111,0.010951672877723473,0.010951758010652402,0.0109516301929522,0.010951441709532439,0.010951712357028853
7,0.7777777777777777,0.07611770782736937,0.0761176621950046,0.07611766536935893,0.0761174716621742,0.07611747280593661
8,0.6666666666666665,0.022088958627070943,0.022088951108414356,0.02208890696315935,0.02208850107516014,0.022088944866181848
9,1.0,0.0,0.0,0.0,0.0,0.0
10,0.2222222222222222,0.2627558145863478,0.26275587891356444,0.26275575880936786,0.2627557283506352,0.26275556455047067
11,0.4444444444444445,0.5850296929249406,0.585029729832548,0.5850296935278587,0.5850294912652947,0.5850299693349639
12,0.5555555555555556,0.9038796170880912,0.9038796270116589,0.9038796748639557,0.9038797055261849,0.9038794793629936
13,0.2222222222222222,1.0,1.0,1.0,1.0,1.0
